Mythical_Creatures_Set_1_asset.webp  1x4  1584x672
  cell 0  px 0,0,464,672  frac 0.0000,0.0000,0.2929,1.0000
  cell 1  px 464,0,836,672  frac 0.2929,0.0000,0.5278,1.0000
  cell 2  px 836,0,1164,672  frac 0.5278,0.0000,0.7348,1.0000
  cell 3  px 1164,0,1584,672  frac 0.7348,0.0000,1.0000,1.0000
Mythical_Creatures_Set_2_asset.webp  1x4  1584x672
  cell 0  px 0,0,440,672  frac 0.0000,0.0000,0.2778,1.0000
  cell 1  px 440,0,828,672  frac 0.2778,0.0000,0.5227,1.0000
  cell 2  px 828,0,1168,672  frac 0.5227,0.0000,0.7374,1.0000
  cell 3  px 1168,0,1584,672  frac 0.7374,0.0000,1.0000,1.0000
Lightning_Titan_Boss_asset.webp  1x4  1584x672
  cell 0  px 0,0,428,672  frac 0.0000,0.0000,0.2702,1.0000
  cell 1  px 428,0,796,672  frac 0.2702,0.0000,0.5025,1.0000
  cell 2  px 796,0,1164,672  frac 0.5025,0.0000,0.7348,1.0000
  cell 3  px 1164,0,1584,672  frac 0.7348,0.0000,1.0000,1.0000
Olympus_Magic_Fruits_Set_asset.webp  1x4  1584x672
  cell 0  px 0,0,416,672  frac 0.0000,0.0000,0.2626,1.0000
  cell 1  px 416,0,756,672  frac 0.2626,0.0000,0.4773,1.0000
  cell 2  px 756,0,1128,672  frac 0.4773,0.0000,0.7121,1.0000
  cell 3  px 1128,0,1584,672  frac 0.7121,0.0000,1.0000,1.0000
Divine_Energy_Coin_asset.webp  1x4  1584x672
  cell 0  px 0,0,420,672  frac 0.0000,0.0000,0.2652,1.0000
  cell 1  px 420,0,760,672  frac 0.2652,0.0000,0.4798,1.0000
  cell 2  px 760,0,1124,672  frac 0.4798,0.0000,0.7096,1.0000
  cell 3  px 1124,0,1584,672  frac 0.7096,0.0000,1.0000,1.0000
Olympus_Columns_Set_asset.webp  1x4  1584x672
  cell 0  px 0,0,392,672  frac 0.0000,0.0000,0.2475,1.0000
  cell 1  px 392,0,784,672  frac 0.2475,0.0000,0.4949,1.0000
  cell 2  px 784,0,1160,672  frac 0.4949,0.0000,0.7323,1.0000
  cell 3  px 1160,0,1584,672  frac 0.7323,0.0000,1.0000,1.0000
Olympus_Magical_Plants_Set_asset.webp  1x4  1584x672
  cell 0  px 0,0,504,672  frac 0.0000,0.0000,0.3182,1.0000
  cell 1  px 504,0,864,672  frac 0.3182,0.0000,0.5455,1.0000
  cell 2  px 864,0,1192,672  frac 0.5455,0.0000,0.7525,1.0000
  cell 3  px 1192,0,1584,672  frac 0.7525,0.0000,1.0000,1.0000
Olympus_Clouds_Set_asset.webp  2x2  1584x672
  cell 0  px 0,0,788,320  frac 0.0000,0.0000,0.4975,0.4762
  cell 2  px 0,320,788,672  frac 0.0000,0.4762,0.4975,1.0000
  cell 1  px 788,0,1584,332  frac 0.4975,0.0000,1.0000,0.4940
  cell 3  px 788,332,1584,672  frac 0.4975,0.4940,1.0000,1.0000
Olympus_Stone_Elements_Set_asset.webp  2x2  1584x672
  cell 0  px 0,0,764,352  frac 0.0000,0.0000,0.4823,0.5238
  cell 2  px 0,352,764,672  frac 0.0000,0.5238,0.4823,1.0000
  cell 1  px 764,0,1584,318  frac 0.4823,0.0000,1.0000,0.4732
  cell 3  px 764,318,1584,672  frac 0.4823,0.4732,1.0000,1.0000
Olympus_Traps_Set_asset.webp  2x2  1584x672
  cell 0  px 0,0,796,332  frac 0.0000,0.0000,0.5025,0.4940
  cell 2  px 0,332,796,672  frac 0.0000,0.4940,0.5025,1.0000
  cell 1  px 796,0,1584,324  frac 0.5025,0.0000,1.0000,0.4821
  cell 3  px 796,324,1584,672  frac 0.5025,0.4821,1.0000,1.0000
